153.624
845.481
154.259
845.708
154.259
873.159
127.796
847.331
155.312
841.233
155.655
847.994
151.298
848.191
152.377
845.028
155.493
844.182
154.645
846.687
153.739
849.202
154.36
843.73
152.982
848.287
153.259
256.353
588.171
154.265
848.339
152.537
844.572
156.78
844.804
152.695
845.663
154.683
854.579
144.658
850.321
152.755
848.011
150.944
846.376
151.616
846.619
155.564
845.169
155.965
853.952
150.268
841.713
150.483
845.895
154.568
847.473
156.806
842.848
158.55
843.047
156.104
841.405
159.398
845.227
151.828
864.773
142.97
838.701
150.74
846.151
154.276
847.347
151.953
848.214
152.011
848.776
151.143
855.891
152.555
838.244
155.831
844.793
153.199
849.013
150.705
847.624
152.729
846.84
153.021
849.816
150.166
848.808
151.491
845.413
154.307
850.357
151.011
847.714
150.986
847.982
152.714
847.413
151.425
847.396
152.769
849.946
149.585
850.485
150.006
848.141
151.835
851.693
148.962
847.554
152.583
849.26
150.21
849.016
150.42
846.69
154.145
847.408
153.163
846.312
153.858
848.057
153.072
847.719
150.09
846.853
152.618
855.18
146.788
852.869
146.496
847.863
152.325
845.887
154.69
845.234
155.302
846.465
157.236
843.624
150.3
847.589
160.333
843.309
154.939
842.797
153.217
857.704
143.842
843.672
153.768
846.182
153.128
847.26
152.382
849.668
149.997
849.067
159.377
841.397
151.024
848.151
153.015
846.81
151.453
847.834
152.659
848.051
152.707
846.913
156.028
844.725
151.244
850.103
152.584
844.504
160.327
841.758
154.55
846.022
150.899
852.6
153.883
840.592
152.663
847.077
152.414
851.474
150.202
847.184
156.18
843.481
151.638
846.534
158.312
843.978
151.274
849.619
156.545
839.448
156.475
846.857
154.31
844.54
152.275
851.464
151.635
847.349
151.708
845.74
151.923
849.058
150.925
846.223
153.681
847.091
155.796
848.874
150.384
847.025
151.222
851.112
155.411
843.336
153.11
845.012
159.098
844.281
148.319
848.527
154.555
846.214
150.798
850.037
149.92
849.705
153.152
846.442
150.619
850.238
150.159
847.591
154.424
846.002
160.235
841.949
149.663
851.099
150.122
849.681
151.677
848.697
151.64
846.346
157.219
840.442
152.932
855.133
152.973
839.665
152.053
848.526
157.549
842.626
151.121
848.828
152.554
851.939
150.456
845.393
151.256
849.717
151.806
847.779
158.726
840.512
151.31
852.866
149.568
846.464
150.545
851.642
148.544
847.941
152.006
849.352
151.355
851.6
147.99
846.873
158.948
847.438
146.731
852.287
151.114
849.114
151.595
846.092
149.392
851.815
155.788
846.685
154.207
841.898
152.676
850.591
152.952
850.964
142.68
851.674
152.597
844.752
152.814
848.467
153.818
757.769
100.789
138.077
852.467
147.182
847.449
157.782
844.653
150.632
850.118
149.022
856.992
145.115
846.348
158.665
842.59
155.007
845.834
157.762
852.97
142.942
845.476
151.909
859.103
144.779
844.92
154.7
846.839
151.756
846.524
155.4
844.367
151.799
849.047
149.402
851.691
152.37
845.374
151.633
847.484
152.991
850.178
151.036
847.764
153.816
845.169
153.004
847.407
153.063
856.48
146.068
844.081
152.521
846.994
153.905
845.852
154.543
845.11
156.019
846.484
153.62
845.901
155.074
844.227
150.162
851.035
152.328
856.203
144.848
847.233
149.274
854.083
150.636
843.959
153.655
847.686
153.956
846.167
152.745
845.719
151.999
848.515
151.898
849.291
154.057
843.205
151.769
849.763
154.138
853.19
142.552
851.043
154.026
847.351
151.802
845.901
149.84
850.334
152.536
848.65
148.304
852.628
146.962
852.894
152.868
845.372
149.535
849.442
156.031
847.421
146.721
853.406
146.713
849.812
153.997
847.97
154.407
846.988
150.189
848.784
148.276
849.964
154.767
845.258
153.627
847.757
153.182
845.658
153.695
845.935
149.635
851.064
154.469
847.622
150.211
850.631
145.883
851.197
153.393
849.885
148.982
850.688
148.046
850.334
152.607
848.063
146.877
852.076
156.533
844.057
150.833
848.881
149.014
851.894
147.207
849.474
150.189
852.608
154.004
846.709
147.017
853.16
147.949
857.108
141.697
850.115
149.515
851.894
153.277
848.136
147.561
852.717
155.595
843.339
148.035
852.342
146.839
852.718
147.45
851.016
155.865
846.827
154.705
47.231
797.515
156.288
842.922
149.71
849.36
151.741
848.422
148.82
855.161
146.881
850.137
153.005
851.277
144.046
850.913
154.013
846.932
151.972
848.643
146.815
853.805
146.215
851.901
147.888
852.732
147.054
854.47
149.662
850.262
146.421
851.5
148.261
851.556
154.07
846.21
147.566
853.878
151.21
849.409
145.877
851.617
152.328
849.254
146.858
854.05
146.396
853.709
145.672
852.226
153.52
847.008
147.368
854.232
145.674
854.47
145.773
855.279
144.491
852.363
152.114
848.849
151.512
846.417
148.419
852.827
154.363
857.73
135.014
852.655
147.904
854.185
145.935
854.247
153.204
845.289
147.305
853.584
146.75
853.854
145.748
852.23
155.18
855.107
137.258
852.936
146.559
862.05
139.765
853.726
145.059
852.172
153.271
848.146
145.915
853.81
154.296
844.707
147.911
854.671
148.869
849.77
146.422
854.413
152.405
853.27
139.677
853.93
147.724
852.263
146.215
854.949
144.691
854.684
145.338
854.392
151.172
848.803
149.781
848.855
147.49
854.824
145.467
851.563
152.401
848.438
147.838
860.452
139.523
850.948
148.104
853.559
147.301
853.573
146.581
852.757
146.416
854.674
145.929
857.459
142.128
853.239
146.693
854.024
151.964
849.241
144.473
853.736
146.195
854.16
145.761
854.751
147.396
852.347
145.986
852.19
147.925
855.313
144.211
853.567
146.789
855.712
144.319
851.773
148.328
853.103
147.32
853.874
145.301
854.359
146.243
854.877
144.956
852.189
147.336
857.031
143.179
855.724
145.833
850.423
153.963
847.172
146.659
854.181
145.771
854.999
144.951
853.075
147.295
853.65
147.005
853.819
146.07
854.259
144.844
856.281
144.321
856.654
143.393
852.429
146.902
855.445
150.399
848.903
145.837
853.325
148.289
852.997
146.453
861.85
138.91
853.869
145.988
851.752
147.409
864.743
139.714
848.399
146.961
853.843
146.87
854.376
144.247
853.826
145.959
854.708
145.624
854.393
145.553
856.294
143.869
853.045
146.643
856.964
142.86
858.106
142.176
855.094
145.586
853.208
146.465
854.799
145.347
854.745
146.435
853.022
145.258
853.895
145.945
854.896
145.323
855.535
144.327
852.632
147.78
852.928
146.729
854.21
146.035
855.219
144.686
855.276
144.672
853.995
146.21
853.942
145.976
855.187
144.405
855.45
144.551
863.304
137.139
854.393
145.376
855.683
144.431
856.303
143.802
852.518
147.463
853.582
146.932
855.253
144.172
855.62
145.027
853.379
146.148
854.356
145.752
867.048
132.484
854.663
145.144
854.181
145.674
854.968
144.853
856.273
144.242
856.609
143.128
857.397
142.577
854.828
145.337
858.363
142.437
854.681
144.637
855.922
144.48
853.158
146.545
856.068
144.329
855.363
143.929
857.453
143.139
854.326
144.767
856.074
144.277
856.617
143.328
858.364
144.037
853.016
144.548
856.599
143.955
855.117
144.598
863.456
136.073
855.495
145.04
854.981
144.691
864.192
135.609
857.879
142.581
855.183
145.063
855.99
143.54
856.668
143.694
853.431
146.302
858.853
141.183
858.88
141.172
861.296
138.321
857.099
143.094
855.349
145.487
854.843
144.496
855.528
144.151
856.817
143.55
857.562
142.423
867.555
132.431
856.173
144.202
857.985
143.726
868.256
129.527
854.581
145.576
854.704
144.775
861.085
140.008
855.764
143.397
866.8
133.487
856.143
143.516
856.991
143.837
857.514
142.101
855.209
144.419
856.316
144.48
856.491
142.862
856.873
143.926
854.965
144.164
855.9
144.391
856.862
143.174
856.774
142.452
858.759
141.525
856.208
143.806
856.349
143.907
856.786
143.053
862.505
138.705
855.639
143.198
857.502
142.498
857.397
144.678
228.764
628.338
151.761
843.953
145.307
860.07
139.668
868.671
133.375
853.418
144.676
856.459
143.384
865.457
134.627
865.038
135.0
862.686
138.856
858.722
139.58
867.064
136.584
867.006
129.341
857.52
142.728
866.519
133.229
868.865
131.832
860.299
139.231
857.659
142.343
859.077
140.767
860.487
139.832
865.715
133.688
858.051
142.256
858.531
142.125
855.05
144.434
865.245
134.168
858.152
142.451
861.896
137.556
872.383
128.594
864.905
135.104
857.518
141.95
859.021
141.049
855.423
144.838
868.37
131.752
860.585
138.757
868.339
132.268
856.619
142.736
867.798
131.932
859.893
140.847
857.679
142.374
861.731
137.825
857.631
142.799
864.267
135.197
858.539
142.256
856.528
151.051
856.585
135.768
854.869
147.119
874.19
124.734
865.145
142.212
859.807
133.342
855.521
142.93
859.83
141.193
858.365
142.167
858.942
138.951
855.721
147.668
855.457
150.517
846.576
143.876
857.747
142.578
858.742
141.599
870.606
129.588
857.907
142.138
857.635
141.581
867.633
132.501
858.771
141.319
862.596
137.291
860.24
139.737
858.142
141.522
860.98
139.988
858.869
140.473
858.101
143.503
857.746
145.151
853.373
142.227
858.741
141.971
857.352
141.829
858.452
143.868
857.525
140.042
861.666
145.268
850.45
143.38
857.075
144.478
856.872
144.562
856.023
140.445
858.172
142.048
856.878
144.138
857.595
141.12
860.547
141.565
857.457
141.258
858.159
143.566
857.539
140.004
859.028
143.082
857.278
143.293
855.261
141.91
858.981
144.845
856.569
141.645
858.671
140.607
856.778
141.957
859.437
140.763
860.789
139.661
861.189
139.21
858.044
143.49
858.58
139.728
855.883
143.305
861.227
141.51
860.301
141.105
854.777
141.269
859.77
139.806
857.447
143.294
858.375
141.632
858.639
140.569
858.961
140.957
860.45
140.423
857.036
144.271
857.827
141.158
858.983
141.454
860.064
139.825
856.961
147.92
854.257
140.867
858.533
141.285
857.556
141.985
860.605
139.4
857.265
146.48
853.021
143.827
860.206
139.731
856.948
142.202
858.981
142.658
858.497
144.417
854.612
142.904
855.586
145.505
855.769
141.175
860.284
142.671
857.155
141.803
855.281
143.416
858.041
141.764
859.317
144.082
857.44
139.065
857.968
145.001
856.319
148.755
853.118
139.337
859.138
143.824
